Periodo= [   0.     1.4    3.8    6.2   11.6   75.2  189.   527.  1019.4]
E= 0.00011282827271479948
Periodo= [   0.     1.4    3.8    6.2   11.6   75.2  189.   527.  1019.4]
E= 0.00011282423788956122
Periodo= [   0.     1.4    3.8    6.2   11.6   75.2  189.   527.  1019.4]
E= 0.00011282120852394382
Periodo= [   0.     1.4    3.8    6.2   11.6   75.2  189.   527.  1019.4]
E= 0.00011281950454297709
Periodo= [   0.     1.4    3.8    6.2   11.6   75.2  189.   527.  1019.4]
E= 0.0001128192502982005
Periodo= [   0.     1.4    3.8    6.2   11.6   75.2  189.   527.  1019.4]
E= 0.00011282037214265872
Periodo= [   0.     1.4    3.8    6.2   11.6   75.2  189.   527.  1019.4]
E= 0.00011282259959824466
Periodo= [   0.     1.4    3.8    6.2   11.6   75.2  189.   527.  1019.4]
E= 0.00011282547962040248
Periodo= [   0.     1.4    3.8    6.2   11.6   75.2  189.   527.  1019.4]
E= 0.0001128284237229984
Periodo= [   0.     1.4    3.8    6.2   11.6   75.2  189.   527.  1019.4]
E= 0.00011283080553243958
Periodo= [   0.     1.4    3.8    6.2   11.6   75.2  189.   527.  1019.4]
E= 0.00011283210374163436
Periodo= [   0.     1.4    3.8    6.2   11.6   75.2  189.   527.  1019.4]
E= 0.00011283204827861172
Periodo= [   0.     1.4    3.8    6.2   11.6   75.2  189.   527.  1019.4]
E= 0.0001128307043359047
Periodo= [   0.     1.4    3.8    6.2   11.6   75.2  189.   527.  1019.4]
E= 0.00011282844974607911
Periodo= [   0.     1.4    3.8    6.2   11.6   75.2  189.   527.  1019.4]
E= 0.00011282585819990684
Periodo= [   0.     1.4    3.8    6.2   11.6   75.2  189.   527.  1019.4]
E= 0.00011282354730747466
Periodo= [   0.     1.4    3.8    6.2   11.6   75.2  189.   527.  1019.4]
E= 0.00011282205143225663
Periodo= [   0.     1.4    3.8    6.2   11.6   75.2  189.   527.  1019.4]
E= 0.00011282174603895927
Periodo= [   0.     1.4    3.8    6.2   11.6   75.2  189.   527.  1019.4]
E= 0.00011282281693909852
Periodo= [   0.     1.4    3.8    6.2   11.6   75.2  189.   527.  1019.4]
E= 0.00011282525367784723
Periodo= [   0.     1.4    3.8    6.2   11.6   75.2  189.   527.  1019.4]
E= 0.0001128288504134732
Periodo= [   0.     1.4    3.8    6.2   11.6   75.2  189.   527.  1019.4]
E= 0.00011283321055648233
Periodo= [   0.     1.4    3.8    6.2   11.6   75.2  189.   527.  1019.4]
E= 0.00011283776561244801
Periodo= [   0.     1.4    3.8    6.2   11.6   75.2  189.   527.  1019.4]
E= 0.00011284182830819044
Periodo= [   0.     1.4    3.8    6.2   11.6   75.2  189.   527.  1019.4]
E= 0.00011284469659738828
Periodo= [   0.     1.4    3.8    6.2   11.6   75.2  189.   527.  1019.4]
E= 0.00011284580101987967
Periodo= [   0.     1.4    3.8    6.2   11.6   75.2  189.   527.  1019.4]
E= 0.00011284485054891193
Periodo= [   0.     1.4    3.8    6.2   11.6   75.2  189.   527.  1019.4]
E= 0.0001128419113027977
Periodo= [   0.     1.4    3.8    6.2   11.6   75.2  189.   527.  1019.4]
E= 0.00011283737688141685
Periodo= [   0.     1.4    3.8    6.2   11.6   75.2  189.   527.  1019.4]
E= 0.00011283184717181826
Periodo= [   0.     1.4    3.8    6.2   11.6   75.2  189.   527.  1019.4]
E= 0.00011282597634846146
Periodo= [   0.     1.4    3.8    6.2   11.6   75.2  189.   527.  1019.4]
E= 0.00011282034837028583
Periodo= [   0.     1.4    3.8    6.2   11.6   75.2  189.   527.  1019.4]
E= 0.00011281540381993513
Periodo= [   0.     1.4    3.8    6.2   11.6   75.2  189.   527.  1019.4]
E= 0.00011281140959683002
Periodo= [   0.     1.4    3.8    6.2   11.6   75.2  189.   527.  1019.4]
E= 0.00011280845068334523
Periodo= [   0.     1.4    3.8    6.2   11.6   75.2  189.   527.  1019.4]
E= 0.00011280642822590985
Periodo= [   0.     1.4    3.8    6.2   11.6   75.2  189.   527.  1019.4]
E= 0.00011280506127110759
Periodo= [   0.     1.4    3.8    6.2   11.6   75.2  189.   527.  1019.4]
E= 0.00011280390363943461
Periodo= [   0.     1.4    3.8    6.2   11.6   75.2  189.   527.  1019.4]
E= 0.00011280239646073872
Periodo= [   0.     1.4    3.8    6.2   11.6   75.2  189.   527.  1019.4]
E= 0.00011279997208248597
Periodo= [   0.     1.4    3.8    6.2   11.6   75.2  189.   527.  1019.4]
E= 0.00011279619945028372
Periodo= [   0.     1.4    3.8    6.2   11.6   75.2  189.   527.  1019.4]
E= 0.00011279092368050662
Periodo= [   0.     1.4    3.8    6.2   11.6   75.2  189.   527.  1019.4]
E= 0.00011278433431958879
Periodo= [   0.     1.4    3.8    6.2   11.6   75.2  189.   527.  1019.4]
E= 0.00011277692479018134
Periodo= [   0.     1.4    3.8    6.2   11.6   75.2  189.   527.  1019.4]
E= 0.00011276936442597815
Periodo= [   0.     1.4    3.8    6.2   11.6   75.2  189.   527.  1019.4]
E= 0.00011276234520863489
Periodo= [   0.     1.4    3.8    6.2   11.6   75.2  189.   527.  1019.4]
E= 0.00011275645962303331
Periodo= [   0.     1.4    3.8    6.2   11.6   75.2  189.   527.  1019.4]
E= 0.00011275213076902199
Periodo= [   0.     1.4    3.8    6.2   11.6   75.2  189.   527.  1019.4]
E= 0.00011274958459080208
Periodo= [   0.     1.4    3.8    6.2   11.6   75.2  189.   527.  1019.4]
E= 0.00011274884330507655
Periodo= [   0.     1.4    3.8    6.2   11.6   75.2  189.   527.  1019.4]
E= 0.00011274972502106558
Periodo= [   0.     1.4    3.8    6.2   11.6   75.2  189.   527.  1019.4]
E= 0.00011275184787978943
Periodo= [   0.     1.4    3.8    6.2   11.6   75.2  189.   527.  1019.4]
E= 0.00011275465102708764
Periodo= [   0.     1.4    3.8    6.2   11.6   75.2  189.   527.  1019.4]
E= 0.0001127574531224662
Periodo= [   0.     1.4    3.8    6.2   11.6   75.2  189.   527.  1019.4]
E= 0.0001127595628985438
Periodo= [   0.     1.4    3.8    6.2   11.6   75.2  189.   527.  1019.4]
E= 0.00011276042918230387
Periodo= [   0.     1.4    3.8    6.2   11.6   75.2  189.   527.  1019.4]
E= 0.00011275978060924743
Periodo= [   0.     1.4    3.8    6.2   11.6   75.2  189.   527.  1019.4]
E= 0.00011275768991974702
Periodo= [   0.     1.4    3.8    6.2   11.6   75.2  189.   527.  1019.4]
E= 0.00011275452895273687
Periodo= [   0.     1.4    3.8    6.2   11.6   75.2  189.   527.  1019.4]
E= 0.00011275083971349816
Periodo= [   0.     1.4    3.8    6.2   11.6   75.2  189.   527.  1019.4]
E= 0.00011274718493889666
Periodo= [   0.     1.4    3.8    6.2   11.6   75.2  189.   527.  1019.4]
E= 0.00011274403260510484
Periodo= [   0.     1.4    3.8    6.2   11.6   75.2  189.   527.  1019.4]
E= 0.00011274169260218872
Periodo= [   0.     1.4    3.8    6.2   11.6   75.2  189.   527.  1019.4]
E= 0.00011274029383707953
Periodo= [   0.     1.4    3.8    6.2   11.6   75.2  189.   527.  1019.4]
E= 0.00011273978076622243
Periodo= [   0.     1.4    3.8    6.2   11.6   75.2  189.   527.  1019.4]
E= 0.00011273991510781099
Periodo= [   0.     1.4    3.8    6.2   11.6   75.2  189.   527.  1019.4]
E= 0.0001127402820697863
Periodo= [   0.     1.4    3.8    6.2   11.6   75.2  189.   527.  1019.4]
E= 0.00011274031422446038
Periodo= [   0.     1.4    3.8    6.2   11.6   75.2  189.   527.  1019.4]
E= 0.00011273935373282258
Periodo= [   0.     1.4    3.8    6.2   11.6   75.2  189.   527.  1019.4]
E= 0.000112736766198234
Periodo= [   0.     1.4    3.8    6.2   11.6   75.2  189.   527.  1019.4]
E= 0.00011273209107607834
Periodo= [   0.     1.4    3.8    6.2   11.6   75.2  189.   527.  1019.4]
E= 0.00011272517641265078
Periodo= [   0.     1.4    3.8    6.2   11.6   75.2  189.   527.  1019.4]
E= 0.00011271623333687567
Periodo= [   0.     1.4    3.8    6.2   11.6   75.2  189.   527.  1019.4]
E= 0.00011270578046788952
Periodo= [   0.     1.4    3.8    6.2   11.6   75.2  189.   527.  1019.4]
E= 0.0001126945078148579
Periodo= [   0.     1.4    3.8    6.2   11.6   75.2  189.   527.  1019.4]
E= 0.0001126831246127072
Periodo= [   0.     1.4    3.8    6.2   11.6   75.2  189.   527.  1019.4]
E= 0.0001126722434690982
Periodo= [   0.     1.4    3.8    6.2   11.6   75.2  189.   527.  1019.4]
E= 0.00011266231645795622
Periodo= [   0.     1.4    3.8    6.2   11.6   75.2  189.   527.  1019.4]
E= 0.00011265361017110478
Periodo= [   0.     1.4    3.8    6.2   11.6   75.2  189.   527.  1019.4]
E= 0.0001126461989332662
Periodo= [   0.     1.4    3.8    6.2   11.6   75.2  189.   527.  1019.4]
E= 0.00011263996291293224
Periodo= [   0.     1.4    3.8    6.2   11.6   75.2  189.   527.  1019.4]
E= 0.00011263459164195187
Periodo= [   0.     1.4    3.8    6.2   11.6   75.2  189.   527.  1019.4]
E= 0.00011262960705713264
Periodo= [   0.     1.4    3.8    6.2   11.6   75.2  189.   527.  1019.4]
E= 0.0001126244270140245
Periodo= [   0.     1.4    3.8    6.2   11.6   75.2  189.   527.  1019.4]
E= 0.00011261848114610833
Periodo= [   0.     1.4    3.8    6.2   11.6   75.2  189.   527.  1019.4]
E= 0.00011261136114232985
Periodo= [   0.     1.4    3.8    6.2   11.6   75.2  189.   527.  1019.4]
E= 0.00011260295122007531
Periodo= [   0.     1.4    3.8    6.2   11.6   75.2  189.   527.  1019.4]
E= 0.00011259347520194885
Periodo= [   0.     1.4    3.8    6.2   11.6   75.2  189.   527.  1019.4]
E= 0.00011258343424888069
Periodo= [   0.     1.4    3.8    6.2   11.6   75.2  189.   527.  1019.4]
E= 0.00011257346856717552
Periodo= [   0.     1.4    3.8    6.2   11.6   75.2  189.   527.  1019.4]
E= 0.0001125642080723262
Periodo= [   0.     1.4    3.8    6.2   11.6   75.2  189.   527.  1019.4]
E= 0.0001125561621674759
Periodo= [   0.     1.4    3.8    6.2   11.6   75.2  189.   527.  1019.4]
E= 0.00011254966181457509
Periodo= [   0.     1.4    3.8    6.2   11.6   75.2  189.   527.  1019.4]
E= 0.00011254483960567177
Periodo= [   0.     1.4    3.8    6.2   11.6   75.2  189.   527.  1019.4]
E= 0.00011254162684287381
Periodo= [   0.     1.4    3.8    6.2   11.6   75.2  189.   527.  1019.4]
E= 0.00011253975512904892
Periodo= [   0.     1.4    3.8    6.2   11.6   75.2  189.   527.  1019.4]
E= 0.00011253876403911503
Periodo= [   0.     1.4    3.8    6.2   11.6   75.2  189.   527.  1019.4]
E= 0.00011253802964075101
Periodo= [   0.     1.4    3.8    6.2   11.6   75.2  189.   527.  1019.4]
E= 0.0001125368348108025
Periodo= [   0.     1.4    3.8    6.2   11.6   75.2  189.   527.  1019.4]
E= 0.00011253449176249503
Periodo= [   0.     1.4    3.8    6.2   11.6   75.2  189.   527.  1019.4]
E= 0.00011253049603820512
Periodo= [   0.     1.4    3.8    6.2   11.6   75.2  189.   527.  1019.4]
E= 0.00011252465563741542
Periodo= [   0.     1.4    3.8    6.2   11.6   75.2  189.   527.  1019.4]
E= 0.00011251713278851221
Periodo= [   0.     1.4    3.8    6.2   11.6   75.2  189.   527.  1019.4]
E= 0.00011250837655898977
Periodo= [   0.     1.4    3.8    6.2   11.6   75.2  189.   527.  1019.4]
E= 0.00011249898339141473
Periodo= [   0.     1.4    3.8    6.2   11.6   75.2  189.   527.  1019.4]
E= 0.00011248955093003217
Periodo= [   0.     1.4    3.8    6.2   11.6   75.2  189.   527.  1019.4]
E= 0.00011248057270454486
Periodo= [   0.     1.4    3.8    6.2   11.6   75.2  189.   527.  1019.4]
E= 0.00011247238391340946
Periodo= [   0.     1.4    3.8    6.2   11.6   75.2  189.   527.  1019.4]
E= 0.00011246514277184997
Periodo= [   0.     1.4    3.8    6.2   11.6   75.2  189.   527.  1019.4]
E= 0.00011245882692809485
Periodo= [   0.     1.4    3.8    6.2   11.6   75.2  189.   527.  1019.4]
E= 0.00011245323343440501
Periodo= [   0.     1.4    3.8    6.2   11.6   75.2  189.   527.  1019.4]
E= 0.0001124479848960691
Periodo= [   0.     1.4    3.8    6.2   11.6   75.2  189.   527.  1019.4]
E= 0.00011244255753336182
Periodo= [   0.     1.4    3.8    6.2   11.6   75.2  189.   527.  1019.4]
E= 0.00011243635202719283
Periodo= [   0.     1.4    3.8    6.2   11.6   75.2  189.   527.  1019.4]
E= 0.00011242881594331289
Periodo= [   0.     1.4    3.8    6.2   11.6   75.2  189.   527.  1019.4]
E= 0.00011241959433325525
Periodo= [   0.     1.4    3.8    6.2   11.6   75.2  189.   527.  1019.4]
E= 0.00011240865047762145
Periodo= [   0.     1.4    3.8    6.2   11.6   75.2  189.   527.  1019.4]
E= 0.00011239629584960711
Periodo= [   0.     1.4    3.8    6.2   11.6   75.2  189.   527.  1019.4]
E= 0.00011238311191548239
Periodo= [   0.     1.4    3.8    6.2   11.6   75.2  189.   527.  1019.4]
E= 0.00011236980451264416
Periodo= [   0.     1.4    3.8    6.2   11.6   75.2  189.   527.  1019.4]
E= 0.00011235705637597243
Periodo= [   0.     1.4    3.8    6.2   11.6   75.2  189.   527.  1019.4]
E= 0.00011234542314858598
Periodo= [   0.     1.4    3.8    6.2   11.6   75.2  189.   527.  1019.4]
E= 0.00011233528064335468
Periodo= [   0.     1.4    3.8    6.2   11.6   75.2  189.   527.  1019.4]
E= 0.00011232680664295761
Periodo= [   0.     1.4    3.8    6.2   11.6   75.2  189.   527.  1019.4]
E= 0.00011231997710866037
Periodo= [   0.     1.4    3.8    6.2   11.6   75.2  189.   527.  1019.4]
E= 0.00011231456627523883
Periodo= [   0.     1.4    3.8    6.2   11.6   75.2  189.   527.  1019.4]
E= 0.00011231015428084694
Periodo= [   0.     1.4    3.8    6.2   11.6   75.2  189.   527.  1019.4]
E= 0.00011230615876332949
Periodo= [   0.     1.4    3.8    6.2   11.6   75.2  189.   527.  1019.4]
E= 0.00011230191104898537
Periodo= [   0.     1.4    3.8    6.2   11.6   75.2  189.   527.  1019.4]
E= 0.00011229678393094453
Periodo= [   0.     1.4    3.8    6.2   11.6   75.2  189.   527.  1019.4]
E= 0.00011229034472281533
Periodo= [   0.     1.4    3.8    6.2   11.6   75.2  189.   527.  1019.4]
E= 0.00011228247378230348
Periodo= [   0.     1.4    3.8    6.2   11.6   75.2  189.   527.  1019.4]
E= 0.00011227338925097356
Periodo= [   0.     1.4    3.8    6.2   11.6   75.2  189.   527.  1019.4]
E= 0.00011226356494251872
Periodo= [   0.     1.4    3.8    6.2   11.6   75.2  189.   527.  1019.4]
E= 0.0001122535854887527
Periodo= [   0.     1.4    3.8    6.2   11.6   75.2  189.   527.  1019.4]
E= 0.0001122440041546239
Periodo= [   0.     1.4    3.8    6.2   11.6   75.2  189.   527.  1019.4]
E= 0.00011223524583229683
Periodo= [   0.     1.4    3.8    6.2   11.6   75.2  189.   527.  1019.4]
E= 0.00011222756048797966
Periodo= [   0.     1.4    3.8    6.2   11.6   75.2  189.   527.  1019.4]
E= 0.00011222100953982384
Periodo= [   0.     1.4    3.8    6.2   11.6   75.2  189.   527.  1019.4]
E= 0.00011221546531727726
Periodo= [   0.     1.4    3.8    6.2   11.6   75.2  189.   527.  1019.4]
E= 0.00011221061393557569
Periodo= [   0.     1.4    3.8    6.2   11.6   75.2  189.   527.  1019.4]
E= 0.00011220596622233378
Periodo= [   0.     1.4    3.8    6.2   11.6   75.2  189.   527.  1019.4]
E= 0.0001122008937680116
Periodo= [   0.     1.4    3.8    6.2   11.6   75.2  189.   527.  1019.4]
E= 0.00011219471037541033
Periodo= [   0.     1.4    3.8    6.2   11.6   75.2  189.   527.  1019.4]
E= 0.00011218680399208055
Periodo= [   0.     1.4    3.8    6.2   11.6   75.2  189.   527.  1019.4]
E= 0.00011217678985888197
Periodo= [   0.     1.4    3.8    6.2   11.6   75.2  189.   527.  1019.4]
E= 0.00011216462350626172
Periodo= [   0.     1.4    3.8    6.2   11.6   75.2  189.   527.  1019.4]
E= 0.00011215061651477565
Periodo= [   0.     1.4    3.8    6.2   11.6   75.2  189.   527.  1019.4]
E= 0.00011213534638100427
Periodo= [   0.     1.4    3.8    6.2   11.6   75.2  189.   527.  1019.4]
E= 0.00011211950760954324
Periodo= [   0.     1.4    3.8    6.2   11.6   75.2  189.   527.  1019.4]
E= 0.00011210376914339891
Periodo= [   0.     1.4    3.8    6.2   11.6   75.2  189.   527.  1019.4]
E= 0.00011208867806183768
Periodo= [   0.     1.4    3.8    6.2   11.6   75.2  189.   527.  1019.4]
E= 0.00011207461256294955
Periodo= [   0.     1.4    3.8    6.2   11.6   75.2  189.   527.  1019.4]
E= 0.00011206176602808352
Periodo= [   0.     1.4    3.8    6.2   11.6   75.2  189.   527.  1019.4]
E= 0.00011205014286729055
Periodo= [   0.     1.4    3.8    6.2   11.6   75.2  189.   527.  1019.4]
E= 0.00011203955758169398
Periodo= [   0.     1.4    3.8    6.2   11.6   75.2  189.   527.  1019.4]
E= 0.00011202964287089692
Periodo= [   0.     1.4    3.8    6.2   11.6   75.2  189.   527.  1019.4]
E= 0.00011201988466115594
Periodo= [   0.     1.4    3.8    6.2   11.6   75.2  189.   527.  1019.4]
E= 0.00011200970403350384
Periodo= [   0.     1.4    3.8    6.2   11.6   75.2  189.   527.  1019.4]
E= 0.00011199858925922673
Periodo= [   0.     1.4    3.8    6.2   11.6   75.2  189.   527.  1019.4]
E= 0.0001119862460161357
Periodo= [   0.     1.4    3.8    6.2   11.6   75.2  189.   527.  1019.4]
E= 0.00011197270322413972
Periodo= [   0.     1.4    3.8    6.2   11.6   75.2  189.   527.  1019.4]
E= 0.00011195831948913934
Periodo= [   0.     1.4    3.8    6.2   11.6   75.2  189.   527.  1019.4]
E= 0.00011194368602752545
Periodo= [   0.     1.4    3.8    6.2   11.6   75.2  189.   527.  1019.4]
E= 0.00011192947631615139
Periodo= [   0.     1.4    3.8    6.2   11.6   75.2  189.   527.  1019.4]
E= 0.00011191630684093445
Periodo= [   0.     1.4    3.8    6.2   11.6   75.2  189.   527.  1019.4]
E= 0.00011190464602978677
Periodo= [   0.     1.4    3.8    6.2   11.6   75.2  189.   527.  1019.4]
E= 0.00011189477206955416
Periodo= [   0.     1.4    3.8    6.2   11.6   75.2  189.   527.  1019.4]
E= 0.00011188676064708973
Periodo= [   0.     1.4    3.8    6.2   11.6   75.2  189.   527.  1019.4]
E= 0.00011188048375896837
Periodo= [   0.     1.4    3.8    6.2   11.6   75.2  189.   527.  1019.4]
E= 0.00011187561195725818
Periodo= [   0.     1.4    3.8    6.2   11.6   75.2  189.   527.  1019.4]
E= 0.00011187162674856472
Periodo= [   0.     1.4    3.8    6.2   11.6   75.2  189.   527.  1019.4]
E= 0.00011186786153159581
Periodo= [   0.     1.4    3.8    6.2   11.6   75.2  189.   527.  1019.4]
E= 0.00011186359072365061
Periodo= [   0.     1.4    3.8    6.2   11.6   75.2  189.   527.  1019.4]
E= 0.00011185816811275793
Periodo= [   0.     1.4    3.8    6.2   11.6   75.2  189.   527.  1019.4]
E= 0.00011185117946141265
Periodo= [   0.     1.4    3.8    6.2   11.6   75.2  189.   527.  1019.4]
E= 0.00011184254573423916
Periodo= [   0.     1.4    3.8    6.2   11.6   75.2  189.   527.  1019.4]
E= 0.00011183252446206241
Periodo= [   0.     1.4    3.8    6.2   11.6   75.2  189.   527.  1019.4]
E= 0.00011182160955341383
Periodo= [   0.     1.4    3.8    6.2   11.6   75.2  189.   527.  1019.4]
E= 0.0001118103824079153
Periodo= [   0.     1.4    3.8    6.2   11.6   75.2  189.   527.  1019.4]
E= 0.00011179937775414084
Periodo= [   0.     1.4    3.8    6.2   11.6   75.2  189.   527.  1019.4]
E= 0.00011178899845297933
Periodo= [   0.     1.4    3.8    6.2   11.6   75.2  189.   527.  1019.4]
E= 0.00011177947773256899
Periodo= [   0.     1.4    3.8    6.2   11.6   75.2  189.   527.  1019.4]
E= 0.00011177086924272006
Periodo= [   0.     1.4    3.8    6.2   11.6   75.2  189.   527.  1019.4]
E= 0.00011176304656794477
Periodo= [   0.     1.4    3.8    6.2   11.6   75.2  189.   527.  1019.4]
E= 0.00011175570555710963
Periodo= [   0.     1.4    3.8    6.2   11.6   75.2  189.   527.  1019.4]
E= 0.0001117483772457069
Periodo= [   0.     1.4    3.8    6.2   11.6   75.2  189.   527.  1019.4]
E= 0.00011174047032842403
Periodo= [   0.     1.4    3.8    6.2   11.6   75.2  189.   527.  1019.4]
E= 0.00011173136205264415
Periodo= [   0.     1.4    3.8    6.2   11.6   75.2  189.   527.  1019.4]
E= 0.00011172053647272161
Periodo= [   0.     1.4    3.8    6.2   11.6   75.2  189.   527.  1019.4]
E= 0.00011170773249193082
Periodo= [   0.     1.4    3.8    6.2   11.6   75.2  189.   527.  1019.4]
E= 0.00011169303717345755
Periodo= [   0.     1.4    3.8    6.2   11.6   75.2  189.   527.  1019.4]
E= 0.00011167687469805415
Periodo= [   0.     1.4    3.8    6.2   11.6   75.2  189.   527.  1019.4]
E= 0.00011165989621024467
Periodo= [   0.     1.4    3.8    6.2   11.6   75.2  189.   527.  1019.4]
E= 0.00011164282619989215
Periodo= [   0.     1.4    3.8    6.2   11.6   75.2  189.   527.  1019.4]
E= 0.00011162632766380481
Periodo= [   0.     1.4    3.8    6.2   11.6   75.2  189.   527.  1019.4]
E= 0.00011161091730141383
Periodo= [   0.     1.4    3.8    6.2   11.6   75.2  189.   527.  1019.4]
E= 0.00011159692716407024
Periodo= [   0.     1.4    3.8    6.2   11.6   75.2  189.   527.  1019.4]
E= 0.00011158449295446411
Periodo= [   0.     1.4    3.8    6.2   11.6   75.2  189.   527.  1019.4]
E= 0.0001115735515265936
Periodo= [   0.     1.4    3.8    6.2   11.6   75.2  189.   527.  1019.4]
E= 0.00011156384189660412
Periodo= [   0.     1.4    3.8    6.2   11.6   75.2  189.   527.  1019.4]
E= 0.00011155491846862862
Periodo= [   0.     1.4    3.8    6.2   11.6   75.2  189.   527.  1019.4]
E= 0.00011154619600370654
Periodo= [   0.     1.4    3.8    6.2   11.6   75.2  189.   527.  1019.4]
E= 0.00011153704449519209
Periodo= [   0.     1.4    3.8    6.2   11.6   75.2  189.   527.  1019.4]
E= 0.00011152693059198238
Periodo= [   0.     1.4    3.8    6.2   11.6   75.2  189.   527.  1019.4]
E= 0.00011151556528650653
Periodo= [   0.     1.4    3.8    6.2   11.6   75.2  189.   527.  1019.4]
E= 0.00011150299276641972
Periodo= [   0.     1.4    3.8    6.2   11.6   75.2  189.   527.  1019.4]
E= 0.00011148957364717362
Periodo= [   0.     1.4    3.8    6.2   11.6   75.2  189.   527.  1019.4]
E= 0.00011147587194976192
Periodo= [   0.     1.4    3.8    6.2   11.6   75.2  189.   527.  1019.4]
E= 0.00011146250344199618
Periodo= [   0.     1.4    3.8    6.2   11.6   75.2  189.   527.  1019.4]
E= 0.00011145000640463404
Periodo= [   0.     1.4    3.8    6.2   11.6   75.2  189.   527.  1019.4]
E= 0.00011143876348704438
Periodo= [   0.     1.4    3.8    6.2   11.6   75.2  189.   527.  1019.4]
E= 0.00011142896917975306
Periodo= [   0.     1.4    3.8    6.2   11.6   75.2  189.   527.  1019.4]
E= 0.00011142062249274179
Periodo= [   0.     1.4    3.8    6.2   11.6   75.2  189.   527.  1019.4]
E= 0.0001114135277857025
Periodo= [   0.     1.4    3.8    6.2   11.6   75.2  189.   527.  1019.4]
E= 0.00011140729918368515
Periodo= [   0.     1.4    3.8    6.2   11.6   75.2  189.   527.  1019.4]
E= 0.0001114013782992345
Periodo= [   0.     1.4    3.8    6.2   11.6   75.2  189.   527.  1019.4]
E= 0.00011139508507039993
Periodo= [   0.     1.4    3.8    6.2   11.6   75.2  189.   527.  1019.4]
E= 0.00011138771898565111
Periodo= [   0.     1.4    3.8    6.2   11.6   75.2  189.   527.  1019.4]
E= 0.0001113787049192434
Periodo= [   0.     1.4    3.8    6.2   11.6   75.2  189.   527.  1019.4]
E= 0.0001113677405395597
Periodo= [   0.     1.4    3.8    6.2   11.6   75.2  189.   527.  1019.4]
E= 0.00011135487976618352
Periodo= [   0.     1.4    3.8    6.2   11.6   75.2  189.   527.  1019.4]
E= 0.00011134050861290494
Periodo= [   0.     1.4    3.8    6.2   11.6   75.2  189.   527.  1019.4]
E= 0.0001113252270836978
Periodo= [   0.     1.4    3.8    6.2   11.6   75.2  189.   527.  1019.4]
E= 0.00011130969679606174
Periodo= [   0.     1.4    3.8    6.2   11.6   75.2  189.   527.  1019.4]
E= 0.0001112945139634586
Periodo= [   0.     1.4    3.8    6.2   11.6   75.2  189.   527.  1019.4]
E= 0.00011128013338061614
Periodo= [   0.     1.4    3.8    6.2   11.6   75.2  189.   527.  1019.4]
E= 0.00011126683611276864
Periodo= [   0.     1.4    3.8    6.2   11.6   75.2  189.   527.  1019.4]
E= 0.0001112547203492612
Periodo= [   0.     1.4    3.8    6.2   11.6   75.2  189.   527.  1019.4]
E= 0.00011124369916944068
Periodo= [   0.     1.4    3.8    6.2   11.6   75.2  189.   527.  1019.4]
E= 0.00011123350180333318
Periodo= [   0.     1.4    3.8    6.2   11.6   75.2  189.   527.  1019.4]
E= 0.00011122368919379457
Periodo= [   0.     1.4    3.8    6.2   11.6   75.2  189.   527.  1019.4]
E= 0.0001112137041670393
Periodo= [   0.     1.4    3.8    6.2   11.6   75.2  189.   527.  1019.4]
E= 0.00011120297265463507
Periodo= [   0.     1.4    3.8    6.2   11.6   75.2  189.   527.  1019.4]
E= 0.00011119104784797396
Periodo= [   0.     1.4    3.8    6.2   11.6   75.2  189.   527.  1019.4]
E= 0.0001111777517994136
Periodo= [   0.     1.4    3.8    6.2   11.6   75.2  189.   527.  1019.4]
E= 0.00011116324895277065
Periodo= [   0.     1.4    3.8    6.2   11.6   75.2  189.   527.  1019.4]
E= 0.00011114801146304833
Periodo= [   0.     1.4    3.8    6.2   11.6   75.2  189.   527.  1019.4]
E= 0.00011113269449816473
Periodo= [   0.     1.4    3.8    6.2   11.6   75.2  189.   527.  1019.4]
E= 0.00011111798279195806
Periodo= [   0.     1.4    3.8    6.2   11.6   75.2  189.   527.  1019.4]
E= 0.00011110446626120763
Periodo= [   0.     1.4    3.8    6.2   11.6   75.2  189.   527.  1019.4]
E= 0.00011109256769581423
Periodo= [   0.     1.4    3.8    6.2   11.6   75.2  189.   527.  1019.4]
E= 0.0001110825135165848
Periodo= [   0.     1.4    3.8    6.2   11.6   75.2  189.   527.  1019.4]
E= 0.0001110743267634701
Periodo= [   0.     1.4    3.8    6.2   11.6   75.2  189.   527.  1019.4]
E= 0.00011106782675150577
Periodo= [   0.     1.4    3.8    6.2   11.6   75.2  189.   527.  1019.4]
E= 0.0001110626329749735
Periodo= [   0.     1.4    3.8    6.2   11.6   75.2  189.   527.  1019.4]
E= 0.000111058184938005
Periodo= [   0.     1.4    3.8    6.2   11.6   75.2  189.   527.  1019.4]
E= 0.00011105379844504039
Periodo= [   0.     1.4    3.8    6.2   11.6   75.2  189.   527.  1019.4]
E= 0.0001110487736356882